1.5200000
3.5739580
5.9598050
5.9770320
5.9975310
6.0157130
6.0160580
6.0165750
6.0193800
6.0208330
6.0208330
6.0208330
6.0250000
6.0279220
6.0330540
6.0331610
6.0356170
6.0382770
6.0409800
6.0462650
6.0578310
6.0687050
6.7083330
7.6142960
8.5369170
8.5909510
10.1348440
11.3570420
11.3965000
12.1416030
12.8754170
13.9390760
14.1063030
14.4333330
15.1792920
15.6373260
17.0345750
17.0943640
17.1229330
17.8698750
18.2962080
19.4110880
22.8687920
23.3852500
23.5777880
24.3495000
24.8322670
25.4164090
26.5934170
26.9360820
27.8445880
28.0452230
28.0988750
29.2301920
29.4580610
31.4080000
31.5052830
32.9958330
33.9859450
34.5264630
37.8083220
42.0000000
43.9842540
46.1379790
50.8609080
52.2856250
53.2473670
53.8193630
55.8037850
55.8664170
59.4367310
59.7238190
60.4653330
61.6251950
61.9789120
63.9818890
64.4291670
65.3898170
68.8916670
69.3160330
72.1731980
72.2736250
72.5365880
72.9583330
73.1420750
73.5321210
73.9481250
74.0104170
74.2824580
74.9664220
75.5190040
75.7105420
77.9854170
78.5278860
79.9454870
80.1507720
80.5960830
81.4852010
81.5037500
82.2179500
82.4621670
83.2479580
83.3575830
83.6332210
83.6507080
83.7500000
84.1282920
84.4473330
84.6043850
85.0465000
85.1283330
85.1583330
85.7902500
85.9696250
86.6198330
88.7577080
90.1937500
90.4957590
92.4953590
92.5566340
92.8166670
93.2028610
93.4332300
93.5715000
95.3421300
96.0834510
96.4375000
97.2041670
97.2738670
97.7061580
97.8647500
98.2869170
98.4756370
98.8250000
99.1406000
103.3128750
104.1258620
104.2041250
104.9505580
105.1575080
107.3855540
107.9007500
107.9758360
109.7807500
110.1040000
111.2516840
111.5338330
112.3185420
112.3847980
113.3525000
114.4336290
114.4635390
114.4635390
114.6347040
115.7044080
116.2595830
116.7479920
117.4569790
117.7881540
118.6695330
119.6211280
122.4328750
123.7479170
123.7865670
124.6080630
125.0643750
125.1098620
125.2046250
125.4359830
125.7907000
126.7140970
127.0692730
127.8851250
128.5679170
128.7083330
128.7628330
128.8358810
129.2735080
129.3382570
129.5783380
129.6283330
130.1411670
130.5223750
130.7911830
130.8909170
131.5252520
132.2562820
132.4274580
133.8315420
133.9007500
133.9100560
134.2471250
134.4798290
135.1831400
135.4171670
135.6350000
136.0450000
136.2466670
136.3495830
136.4663420
136.8162500
137.1480420
137.1590920
137.4000000
140.3088970
140.5584250
140.5623370
141.0362080
141.1291670
141.9041670
143.0952500
143.1631250
143.6179170
143.7425000
145.2425830
145.4214460
145.5659580
145.7269250
145.8541670
145.8754170
146.1206500
146.4093920
146.5316670
146.8416670
148.0716670
148.2887900
148.5251670
148.8729170
149.4833750
149.8594170
150.1172540
150.2858330
150.3842920
150.4082500
150.7412500
150.8399170
151.6525000
153.1393070
153.1405270
153.2020830
153.2287500
153.3827250
153.9081670
154.0504170
154.0881670
154.1300000
154.3035830
154.6681900
154.9672500
155.0475000
155.0584580
155.3534170
155.6170830
155.7416600
156.1612020
157.7593330
158.0291670
158.1153750
158.5812960
158.7628330
159.0544710
159.5820830
159.6122210
160.4008170
160.5025420
160.9803750
161.4591230
161.5786250
161.6801250
161.7533900
161.8678420
162.0508330
162.4597500
162.5296670
163.1587920
163.2224580
163.5368330
163.7406250
163.9362920
163.9520830
163.9775420
164.1064580
164.1824580
164.3641670
164.4375000
164.4951670
164.6427080
164.7537500
165.8811670
166.0719250
166.3590420
166.6185000
166.8012500
166.8935830
166.9945830
167.5016670
168.0617080
168.1605420
168.2125000
168.5938330
168.9100000
168.9736670
169.1795250
169.3492080
169.4375000
169.8095830
169.9200000
170.3299540
170.8152130
170.9237500
170.9675420
170.9814540
171.1629170
171.2352920
171.2479170
171.4800750
171.5902920
171.7192000
172.1945830
172.5435000
172.5680420
172.6329710
173.0655830
173.4643750
174.0090420
174.0135320
174.3837040
174.5900830
175.2792580
175.3567870
175.4281730
175.7187500
175.8127710
176.0087920
176.1450000
176.5322500
177.1188750
177.1575000
178.0416670
178.2241670
178.5837500
179.0310420
179.0895830
179.2840250
179.3135000
179.8404170
179.8987920
180.3458750
180.6183460
181.1530000
182.5037920
182.5249500
182.6750000
182.8507500
183.5350830
183.7525830
184.0305820
184.1745420
185.0744170
185.7179170
186.0924380
186.1843750
186.3692920
186.4283330
186.4326130
187.8041670
187.9166670
187.9406670
188.0743330
188.3812500
188.4162500
188.8291670
188.9905000
189.2464580
189.3579170
189.5965690
189.9185890
189.9958330
190.0733750
190.8214920
190.8974170
191.0478330
191.3380000
191.6583330
192.1931670
192.4763330
193.1775830
193.3680920
193.6353330
193.9785830
194.2698730
194.8445830
195.0149030
195.3679170
195.4406670
195.5166670
195.5800000
195.6985420
195.7500830
196.3370830
196.3487500
196.3666670
196.6591250
196.6858330
196.9779170
197.0878330
197.2011250
197.2512080
197.3191670
197.9693750
198.0191670
198.0298330
198.2242920
198.2291670
198.3458330
198.5975000
199.1929170
199.4362080
199.4429580
199.6857870
199.8345420
199.8596670
200.0528330
200.2246750
200.4424170
200.5750000
200.6339580
201.0568750
201.1829170
201.5133330
201.6358330
201.7427920
201.7811250
201.7927920
201.8225000
202.0268000
202.1399170
202.2637500
203.2186860
203.4367870
203.6254550
203.9000000
204.3347920
204.5389580
204.9857860
204.9858330
205.0013330
205.2807080
205.4276250
205.5425000
205.5458330
205.5458330
205.5461960
206.1650000
206.4351250
206.8307500
207.1766670
207.4027080
207.5671580
208.1435420
208.6458330
208.8389170
208.9039580
208.9945000
208.9962920
209.2106580
209.2601250
209.3541670
209.6750000
209.9925830
210.4686670
210.7375000
210.7670830
210.8083330
211.3017080
211.5050000
211.7085000
211.9854170
211.9943330
212.5307080
213.0320420
213.2484170
213.2727920
213.2911250
213.3804830
213.6070830
213.8802920
214.1274580
214.6345830
214.7095130
215.0127580
215.0343210
215.1212500
216.0531670
216.0625000
216.1337920
216.2466670
216.2820830
216.4023330
216.4962920
216.9615420
217.1095710
217.3579170
217.6703000
218.5220830
218.6629170
218.7515000
218.8344850
219.3137920
219.9155920
220.1304460
220.4345830
220.7500000
221.1937500
222.3559580
223.2162420
223.2190830
223.3864040
223.4404900
223.5454500
223.9498430
224.0006580
224.3829170
224.4125000
224.4174580
225.4625000
225.6243330
225.6825000
225.7391210
225.9775000
226.2047500
226.6645830
226.8924170
226.9527500
227.2812500
227.3567550
227.3630420
227.7037500
227.7791670
227.9637830
228.0237500
228.1792750
228.4817500
228.4957920
228.5606670
228.7462500
228.7887500
229.3639170
229.5699900
229.6310750
229.6388230
229.6416670
229.6416670
229.6416670
229.7898330
229.8992080
229.9482920
230.5279170
230.6761250
231.0892920
231.2077500
231.3681250
231.4227080
231.6716670
231.9204170
231.9955420
232.0334710
232.1456430
232.3991670
232.4900000
232.6119580
232.7835420
232.8662920
233.0431850
233.1479170
233.5348750
233.6399580
233.8198330
233.8211250
233.9927500
234.0200830
234.0625000
234.0724250
234.2915010
234.3155420
234.3750000
234.4625000
234.5237500
234.5350420
234.5757500
234.6876250
234.7039580
234.7832080
234.8081670
235.0833330
235.2459170
235.4566670
235.5830420
235.6894630
235.7271250
235.8756580
235.9117290
235.9843750
235.9927080
236.2493500
236.5308330
236.8775000
236.8957920
237.0811250
237.0969170
237.1834580
237.3381420
237.4205880
237.4495830
237.5122920
237.5200000
237.7254580
237.9218750
238.4983330
238.6687500
238.8248000
238.8882680
239.2145830
239.2510750
239.6272080
239.6727080
239.8387500
239.9230620
240.0830420
240.1458330
240.2162670
240.2209620
240.3637500
240.4787920
240.5758330
240.5783330
240.7703890
240.7835970
240.8810830
240.8986660
240.9737370
241.0958290
241.1215710
241.1225420
241.3179170
241.3291670
241.8004310
241.9554170
242.2722920
242.3612500
242.4213750
242.5534170
242.6782280
242.6845830
242.7612500
242.7633330
242.9442920
242.9638040
243.0025000
243.1085830
243.3709580
243.4269170
243.4895420
243.5000000
243.5000000
243.5470420
243.6301120
243.6704440
243.6904170
243.7099170
243.7549620
243.9184580
243.9701460
244.0975000
244.1287500
244.3474170
244.3720830
244.3962710
244.5283330
244.6250000
245.0601670
245.2696250
245.4825000
245.6252500
245.6562500
245.6894500
245.6966250
245.8236520
245.9092570
245.9514170
245.9783330
246.0779170
246.0890040
246.2287080
246.2930420
246.3252080
246.6770830
246.7040830
246.7930830
246.8281630
246.8378330
246.8697920
247.1117920
247.1287500
247.2865440
247.5102920
247.6561250
247.8263750
248.0583330
248.0696670
248.1655830
248.2075540
248.2258330
248.2504290
248.2725000
248.4460330
248.5204580
248.7878330
248.8574240
248.9473330
248.9808330
248.9808330
249.1333330
249.2297920
249.2975000
249.3073750
249.4714580
249.4866670
249.4946250
249.5539170
249.5957500
249.6556210
249.6925870
249.7203330
249.7498330
249.7785420
249.8383370
250.0549580
250.0697600
250.1815000
250.1984170
250.3251670
250.4203330
250.4208330
250.4208330
250.4208330
250.4208330
250.8063330
250.8350000
250.9040420
250.9089830
251.2053370
251.2585060
251.3933960
251.6514580
251.7137500
251.7283330
251.7304170
251.7925000
252.0252920
252.0541670
252.0917500
252.3261250
252.3350830
252.3520830
252.3795830
252.4342920
252.4509250
252.5548920
252.6133530
252.6345830
252.6462500
252.6861670
252.7827920
252.8823030
252.9216670
252.9290420
252.9532920
252.9883330
253.0127920
253.0694870
253.2438730
253.3737500
253.3926250
253.4158250
253.4175830
253.4862500
253.5979170
253.5984480
253.6851080
253.8522080
254.1373120
254.4030420
254.5691670
254.7288330
254.9143330
254.9711980
254.9849170
255.0927920
255.0940000
255.1606250
255.2055000
255.2207550
255.3000000
255.3000000
255.3000000
255.3021360
255.3027930
255.3036130
255.3272500
255.3714750
255.4313040
255.5598330
255.6122500
255.6518330
255.7188330
255.7191670
255.8357920
255.8439200
255.9628670
255.9766670
256.0616670
256.3350000
256.3743330
256.4004160
256.4045830
256.4265710
256.5187920
256.5887500
256.6666670
256.8147790
256.8405330
256.9171250
257.0104170
257.0538330
257.0687500
257.1958330
257.2407850
257.2741330
257.3166250
257.3601720
257.3787500
257.4280330
257.4381250
257.5989580
257.7940040
257.9352080
257.9713330
257.9794160
258.0487920
258.1458330
258.1458330
258.2595830
258.3666670
258.4563770
258.6671750
258.7902080
258.7939170
258.8095830
258.9078750
258.9207920
259.0473330
259.2583330
259.3165000
259.3266670
259.3343520
259.3375000
259.3564580
259.3985420
259.4496250
259.5416670
259.5495830
259.5565210
259.5774580
259.7571750
259.9532080
260.0054170
260.0082330
260.1050260
260.1421560
260.2386210
260.2561680
260.2729000
260.3865780
260.4442080
260.5123130
260.5409040
260.6938210
260.7465420
260.7815830
261.1075000
261.1869580
261.1995420
261.2504170
261.2912500
261.3011710
261.4225830
261.4258330
261.5312920
261.6390420
261.7067080
261.8791250
262.1153330
262.1450800
262.1927080
262.5345000
262.5902010
262.6356630
262.7315830
262.7522080
262.9254290
263.0299170
263.0834400
263.0867080
263.1990300
263.2035830
263.2083330
263.3577500
263.3601570
263.3614750
263.3912500
263.4800420
263.4943330
263.4953750
263.6108330
263.6733330
263.6902540
263.7707150
263.9870830
264.0112500
264.1030420
264.1774580
264.1893330
264.2250000
264.2678750
264.2937920
264.3905420
264.4168290
264.5209580
264.5366670
264.6435420
264.6975000
264.7176670
264.7248470
264.7257720
264.8248580
264.8467500
264.8512670
264.8928250
264.9093750
264.9158330
264.9528330
264.9909210
265.0306060
265.1071670
265.1081250
265.1409170
265.1857880
265.1888330
265.2084620
265.2555830
265.2786250
265.2793330
265.3102920
265.3253370
265.3439820
265.3960830
265.4041670
265.4729580
265.5184580
265.6087500
265.7717630
265.7841050
265.8148540
265.8338330
265.9028570
265.9067590
266.0111460
266.0236750
266.0688920
266.1225050
266.2019580
266.2585830
266.2880830
266.3196250
266.4583330
266.4846040
266.5035000
266.5286250
266.7062500
266.8170830
266.8606250
267.0093960
267.0189170
267.0204170
267.0204170
267.0204170
267.0204170
267.0204170
267.0204170
267.0204170
267.0204170
267.0204170
267.0204170
267.0204170
267.0204170
267.0204170
267.0204170
267.0204170
267.0204170
267.0204170
267.0204170
267.0204170
267.0204170
267.0204170
267.0204170
267.0204170
267.0725320
267.2021350
267.2194300
267.2970000
267.3062210
267.3150420
267.4354170
267.5537500
267.5766670
267.5956670
267.6854210
267.6971610
267.7491130
267.8862350
267.8864580
267.9259710
267.9692920
268.1022920
268.1475830
268.2445400
268.2447580
268.3775790
268.3965460
268.5000000
268.5955360
268.6557170
268.7275670
268.7985330
268.8304580
268.9245000
268.9575830
268.9987920
269.0000000
269.1065000
269.1943050
269.2413060
269.3131730
269.3722340
269.4615500
269.5233330
269.5642080
269.6078330
269.6330830
269.6427920
269.6852080
269.8419000
269.8506540
269.8673330
269.8789380
269.8963330
269.8975830
269.9240000
269.9510250
269.9551250
269.9876670
270.0000000
270.0512500
270.0920000
270.2494580
270.2847080
270.3326210
270.3429170
270.3444180
270.3853750
270.4445420
270.4451500
270.4628180
270.4694170
270.5129170
270.5222300
270.5618750
270.6143750
270.8726670
270.8820530
270.8920830
270.8945000
270.9642100
270.9960830
271.0880470
271.1174580
271.2078980
271.2754170
271.2923110
271.3580420
271.3674580
271.3809830
271.4045420
271.5275000
271.5282970
271.5816250
271.6074170
271.7083330
271.7853960
271.8348330
271.8358330
271.9084480
271.9634790
272.0186670
272.0266520
272.0393020
272.0551250
272.0791670
272.1638330
272.1762500
272.1901420
272.3097060
272.3161250
272.3624170
272.3996670
272.4050420
272.4297790
272.4396250
272.4628620
272.6851250
272.7313330
272.7457830
272.7465080
272.8328330
272.8350830
272.8716670
272.8738330
272.9793080
272.9813750
273.0300360
273.0662210
273.0872080
273.1345830
273.1453750
273.2216160
273.3053380
273.3715000
273.4115000
273.4161250
273.6556250
273.6719170
273.6780920
273.6795830
273.7628330
273.8111330
274.0777590
274.1022620
274.1216250
274.1475100
274.1519330
274.2500000
274.2511250
274.2740710
274.4008330
274.4574580
274.5608330
274.5989940
274.6102080
274.6563330
274.8875000
274.9166080
274.9319170
274.9605920
274.9737120
274.9842750
274.9866670
274.9922920
275.0823310
275.0947000
275.1628650
275.1700830
275.2192000
275.2929580
275.3062620
275.3929170
275.5473170
275.5608330
275.5768410
275.6525000
275.6658330
275.6737500
275.7160830
275.7251780
275.7456420
275.7903330
275.8327500
275.8392500
275.8510420
275.8790550
275.9179450
275.9186840
275.9187500
275.9230770
275.9449520
275.9672750
276.0018980
276.0430000
276.0587500
276.0625000
276.1193330
276.1230790
276.1333710
276.2226250
276.2339630
276.2391130
276.2621970
276.3138520
276.3773080
276.5000000
276.5228030
276.5525000
276.5548970
276.7613960
276.7728310
276.9411830
277.0785380
277.0863130
277.0898330
277.1264830
277.1383750
277.1785420
277.2222420
277.2723750
277.3944450
277.4297380
277.4464170
277.5014580
277.5071670
277.5817170
277.6279170
277.6981960
277.8034580
277.8712500
277.8929330
277.9013920
277.9831670
278.1250000
278.1542500
278.1702780
278.1777920
278.2112500
278.2816670
278.3116670
278.3898750
278.4120000
278.4179170
278.4246440
278.4933330
278.5666670
278.5719000
278.5963330
278.6066780
278.6125000
278.6218750
278.6305000
278.6582080
278.6914170
278.7128880
278.7225040
278.7731740
278.7838330
278.8039420
278.8261960
278.9084170
278.9369170
278.9444170
278.9597080
278.9897960
279.1050000
279.2157930
279.2178630
279.2246910
279.2796670
279.2892080
279.3110430
279.3485960
279.3685420
279.3839750
279.4314580
279.4760420
279.5466250
279.6103330
279.6587080
279.6794250
279.7157500
279.7500000
279.7502670
279.7908460
279.8352500
279.9063130
279.9275790
279.9321170
279.9627500
279.9727420
280.0573960
280.0965830
280.1002750
280.1390170
280.1420290
280.1858670
280.2162500
280.2240920
280.2735930
280.3240040
280.3300000
280.3578750
280.3579170
280.3929170
280.4111670
280.4555000
280.4831660
280.4841960
280.5416750
280.5470370
280.5709250
280.5792500
280.5922420
280.6103240
280.6248330
280.6288750
280.6793750
280.7411250
280.7777920
280.8026250
280.8435040
280.8590830
280.8651790
280.8665080
280.8696460
280.8763670
280.8900290
280.9030000
280.9219260
280.9310000
281.0064170
281.0212850
281.0458330
281.1393850
281.1415000
281.1712460
281.1873970
281.1895000
281.2208330
281.2287270
281.2375000
281.2737210
281.2857920
281.2979170
281.3946240
281.4103750
281.4407420
281.4704170
281.4882500
281.5000000
281.5574170
281.5822670
281.6039170
281.6825880
281.8377960
281.8451580
281.8967080
281.9080210
281.9660420
282.0000000
282.0492080
282.0625420
282.0751440
282.0847880
282.0982990
282.1250000
282.1578750
282.1631480
282.1823750
282.1895830
282.2275920
282.2333750
282.2644620
282.2768150
282.2927080
282.3944850
282.4340830
282.4381540
282.4910420
282.6391250
282.6478070
282.6881000
282.7632080
282.7637450
282.8050650
282.8135830
282.8183750
282.9674170
283.0150000
283.0714580
283.1142550
283.1358330
283.1606670
283.1740790
283.1782500
283.2390830
283.2477830
283.2681670
283.3419580
283.3459080
283.3748670
283.3860830
283.4888260
283.4934080
283.6222300
283.6845530
283.8153330
283.8238330
283.8609580
283.9223750
284.0443820
284.0915710
284.1108330
284.1187630
284.2533670
284.2887920
284.3160670
284.3602080
284.3875330
284.4016320
284.4204170
284.4318430
284.5726250
284.7242080
284.9349540
284.9406670
284.9416670
285.0750000
285.1016670
285.1168080
285.1608330
285.1943500
285.1982580
285.2625420
285.2748330
285.2929170
285.3152920
285.3153120
285.3180420
285.3251250
285.3783750
285.3824220
285.3833330
285.3841670
285.3928690
285.4000000
285.4122360
285.4532080
285.4689370
285.4708960
285.4910420
285.5564170
285.6775850
285.7094170
285.7094910
285.7112500
285.8369750
285.8749230
285.8764290
285.9080830
285.9706250
285.9799170
286.0103750
286.0145830
286.0375000
286.0530010
286.1307580
286.1386730
286.2314790
286.2681250
286.2785370
286.3141670
286.3166670
286.3655640
286.3678070
286.4734260
286.5498750
286.6185830
286.6468540
286.6862920
286.7028040
286.7408040
286.7945830
286.8097080
286.8105960
286.8435040
286.8472500
286.8944000
286.9074170
286.9251250
286.9338250
286.9782920
287.0215080
287.0309870
287.0672920
287.0708750
287.0771250
287.1330830
287.2448330
287.3275170
287.3329580
287.3623330
287.3969070
287.4096270
287.4476580
287.4528910
287.4633750
287.5377660
287.5404180
287.5431620
287.5564130
287.5654170
287.5774870
287.5919960
287.6104580
287.6236590
287.7168980
287.7173220
287.7184010
287.7731470
287.7962070
287.8023850
287.9281480
287.9553860
287.9800200
287.9807920
288.0776080
288.1806440
288.1930420
288.2520830
288.2649580
288.3237080
288.3347540
288.3377540
288.3514890
288.4328330
288.4617500
288.4695830
288.4757230
288.5421670
288.5718330
288.5991420
288.7580830
288.7588420
288.8077920
288.8296240
288.8533330
288.8666670
288.8749280
288.8975670
289.0488330
289.0795040
289.1025000
289.1347690
289.1537920
289.2145830
289.2444590
289.4157930
289.4342830
289.4535540
289.5320830
289.5984930
289.7001510
289.9317500
289.9610960
290.0554580
290.1598940
290.2307500
290.2658330
290.3506660
290.4367290
290.4487670
290.4649880
290.5333620
290.7230490
290.7827080
291.1666670
291.5950830
291.6019620
291.6888450
291.7384410
291.7836670
291.7934250
291.8540420
291.8567830
292.1770000
292.3199170
292.3666670
292.5039460
292.6255420
292.8666670
292.9821250
293.0256250
293.0334310
293.0581240
293.0947580
293.3308620
293.3438710
293.3851130
293.4076370
293.8748750
293.9492670
294.0063330
294.2552750
294.3179580
294.4727500
294.7733200
294.7958330
294.9106610
295.1250000
295.2516960
295.2702790
295.3847250
295.5042920
295.8561720
295.8713830
296.0218330
296.0388370
296.1325000
296.3683220
296.4004170
296.6037080
296.6908750
296.7155580
296.7210170
296.7409540
296.7750000
296.9000000
296.9425830
297.1041950
297.3558940
297.7416670
297.7843750
298.0256470
298.2425170
298.4416670
298.4477920
298.5939750
298.8281820
298.8661490
299.2177500
299.3308220
299.9032080
300.5184360
300.6834600
300.6990420
300.7416670
301.2178600
301.4322900
301.5681960
301.8062500
301.9920960
302.1478420
302.4125000
302.5875000
302.6913320
302.9458330
303.2931960
303.8029170
304.2362500
304.3705750
304.5159720
304.7250000
304.8831210
305.2687500
305.6544460
305.7078040
305.9247610
306.8195420
307.3494690
307.6685250
308.3375000
309.3105830
309.3643360
309.5131990
309.7257920
310.0744370
310.9312500
311.2450000
311.4472660
311.5006540
311.6639540
311.6942050
312.1476920
312.1911170
312.5000000
312.7813100
313.4464170
313.8806470
313.9131330
317.0853420
317.1270420
318.2682900
318.3512810
319.0573000
321.1827230
321.1940600
321.8803330
322.3448410
322.4882420
322.4914580
322.4924330
322.4924460
322.4926970
322.4928080
322.4943000
322.5050180
324.8620830
324.9250000
325.0916670
325.0933590
326.0504170
326.4602800
327.4941250
327.6572220
327.8704170
328.7558330
328.8067110
328.8159170
329.0987670
329.2576670
331.3218630
332.1041670
333.0972850
333.9152210
334.6666670
334.9505790
335.7634340
336.4684330
336.8750000
337.2720000
337.4243120
337.4620270
338.7360000
338.9320840
340.0000000
340.7350270
340.7907000
342.1121030
343.3105540
344.4906010
345.2862500
345.5466670
346.4826750
346.4930170
346.9220330
347.0575920
348.2858230
349.2884880
349.4909520
350.4800580
350.5931500
351.1124170
351.3055340
351.7445720
352.6120210
354.2740820
356.7102250
358.5196830
85.1558000
97.2042000
286.0337000
286.3888000
286.7029000
292.1771000
302.4129000
302.6171000
302.8533000
304.7221000
92.8075000
96.8047000
283.5352000
286.2533000
289.9201000
296.5025000
298.9846000
287.3482000
296.8263000
297.3583000
282.1875000
282.5888000
284.2271000
284.6133000
289.0875000
290.4117000
291.2383000
293.6558000
297.0804000
301.3288000
301.8167000
303.3975000
283.9225000
285.7741000
285.7979000
287.2833000
289.9092000
292.0848000
294.4150000
295.1508000
295.3317000
296.7429000
297.0971000
298.2846000
301.5525000
302.5225000
294.1458333
290.4500000
291.0541667
294.5291667
290.6458333
292.1083333
291.5875000
292.3833333
293.0083333
292.3241667
289.7775000
292.4545833
292.2237500
