0.6937480
1.2406990
0.0057570
0.0036770
0.0021010
0.0043460
0.0026240
0.0028300
0.0026430
0.0034800
0.0048100
0.0023520
0.0036430
0.0032100
0.0034850
0.0040400
0.0075880
0.0030540
0.0043430
0.0035360
0.0053580
0.0040330
0.3183580
0.0048650
0.9429510
0.0018770
1.1182250
0.6323360
0.9262760
1.2170940
0.3547320
2.1151710
0.4720370
0.7380620
8.0203920
1.6791640
0.8075650
1.2836600
1.0711180
0.6885420
0.3258830
0.1014390
0.3481240
0.4634740
0.1369620
0.4147630
0.2724510
1.2229490
8.6883290
0.1963210
1.4646650
0.8327420
2.7466470
1.8115610
2.3517450
0.0656860
0.6305500
1.0773330
0.5488800
0.0023230
1.4668200
0.2170000
0.4477080
1.3875840
3.0320720
0.8933200
0.7145200
0.2692010
1.9344780
2.5970270
0.1970300
0.1563820
0.5452530
0.5945740
0.0257020
0.3907150
0.6544000
2.1613080
0.3262790
0.0057570
0.4504480
0.4791640
0.4380140
0.2454540
0.5489390
0.3407290
0.3204230
0.8001320
2.4970120
1.1330760
0.6385650
0.6912510
0.3220620
0.0049910
0.2632120
0.2416420
0.6745320
0.3544380
8.0470000
3.7455130
0.9757250
0.6427430
0.9630180
0.0330850
1.8175650
0.2005110
1.2458560
0.0161220
0.1431580
0.0504990
1.2860150
0.5420000
0.2459750
0.7089540
2.8438500
0.8278380
2.2613650
0.3959690
0.0556980
0.0038610
1.4120900
0.2979820
0.0030620
0.3349600
0.0288540
1.0390760
0.4983970
1.2410000
0.4766230
1.2444190
0.2877730
3.2532110
0.2370990
0.0338560
1.9845970
1.2144410
1.2247540
0.1831570
0.3848910
0.1956710
0.4852680
1.2140900
0.0054910
0.9747250
8.3911160
0.4243110
3.4423080
0.2516590
0.5101600
1.7962500
0.3203660
0.0226990
2.7734610
0.3749200
0.1667620
0.2148360
2.7910250
1.0954520
0.0034790
1.4423490
0.6822650
0.5471990
1.2922410
0.6451610
2.1612590
0.5454460
1.2381300
1.0735670
0.3967280
0.8648730
0.5306610
1.8489190
0.3116740
0.1211160
0.3846450
0.5414040
0.0893280
1.2737680
0.7516240
0.3085810
1.7039460
0.7206120
0.6443540
0.2089560
1.3658600
1.1160970
1.6022280
0.3679530
0.5750720
0.0646860
1.2675360
0.9625090
0.3267740
0.0111100
0.4419950
0.6603130
0.5495530
0.9651710
0.9882810
0.3462870
0.2535560
0.1067550
0.4016260
1.3628900
1.5679940
0.4306190
0.9502890
0.7462950
0.7395010
0.7618860
4.3921590
1.9316270
1.4447730
0.5704090
0.0875450
0.6585580
0.6643670
0.8081270
0.5329130
1.0874180
0.5702640
0.3315860
1.0977060
0.8510500
1.3738150
0.2530650
0.4728340
0.8621180
0.2035570
0.6700860
0.2556770
1.6611770
7.7336400
1.4365830
0.7775010
0.3070720
0.8357970
0.0052560
2.5179450
0.8199110
2.1335910
0.4429010
0.1398820
0.0878340
0.1073860
0.7695840
0.5034590
1.8046950
0.1624990
0.1404800
1.2383050
0.6700260
1.6437260
0.0164530
0.0051620
0.3064110
0.4642080
2.4076220
1.1505900
0.5795770
0.5103680
0.6619920
0.0288520
1.3863680
1.1708590
0.2886020
0.0074740
0.3694270
0.3262710
0.3303280
0.1984510
0.1236710
2.2023250
6.4520770
0.1805920
0.3838300
1.8400040
0.3469090
2.9193970
0.9475580
0.4486350
0.4224470
0.6760820
1.3474020
0.6283000
0.1971080
0.6162700
1.1849990
0.3965870
0.2809050
0.0631930
2.7179340
1.7993960
0.2527730
1.5165310
0.5582530
0.0649620
0.3342130
0.8204840
0.8808200
1.6564400
0.2597770
0.9431580
0.5050970
1.1552720
0.4077460
2.2805970
0.5357830
0.2448380
0.6402340
0.2329760
0.2714340
0.1353140
0.1855600
0.4790990
0.0026300
0.5794160
0.2027370
0.5159840
0.6809840
0.1623230
0.2563530
0.1751660
1.0228750
0.3647060
1.1879130
0.5562160
0.1175640
0.3938980
0.5384320
0.2914680
0.5583830
0.6756460
0.8506650
0.9877830
0.2733720
3.5599370
3.2410290
1.7898290
0.3765700
0.2820120
0.2884090
1.0379310
0.0435890
0.4005220
0.6674860
0.5250740
0.5921360
0.4528010
0.3088610
0.4241310
0.2797670
4.2370100
0.4330840
0.9098230
0.6364140
0.0035390
0.3740470
0.7892120
1.0811640
0.2164760
0.5857610
0.6263240
0.4196180
1.0184530
1.3512360
1.8732000
0.8772390
0.0882820
0.5647590
0.7568920
0.6382340
0.2567780
0.2947600
2.1109740
1.1185910
1.3824490
1.3019080
0.5122420
0.3884810
0.4712250
0.2752070
2.2830930
0.4738300
0.1983350
0.4344450
0.8233390
0.2554960
0.1845020
0.6579740
0.6173080
0.6633290
0.0062190
0.6638300
0.1845280
0.3257240
0.9678460
0.0477630
2.3066420
0.4277620
0.5716470
0.4782310
0.4730260
0.9819020
4.9624270
0.4647000
10.3125220
0.3982920
0.6194540
0.4475180
0.7281540
2.4374320
0.8492360
0.0331630
0.8489330
2.9483900
0.3428250
0.2612710
2.6421980
1.0588330
0.2843510
0.4211180
0.4584880
0.2797290
0.6700370
2.7642090
0.5060580
2.4838040
0.8441090
0.5430090
0.7926700
0.4779910
0.1964790
0.2806780
0.5299130
0.5326990
1.4787210
1.5652180
0.6504340
0.3456030
0.1077180
0.3991920
0.2079530
1.2389900
0.1370550
0.5581790
0.3786220
0.6272850
0.1933400
0.0054430
0.0025450
0.0021660
0.0023890
0.5401020
1.2530850
0.6099620
0.9277720
0.2593630
0.2956990
0.6289030
2.9519380
0.2766030
2.0386740
0.6443010
1.2133810
0.5073800
0.1661080
0.4557610
0.9129710
0.1275010
0.8427900
1.3801770
0.6530990
0.3991700
0.6175750
0.2883490
0.2130750
0.7016150
0.4923440
0.2787290
0.3152250
0.5291560
0.2924080
0.2856250
0.3949460
4.6301880
0.3924790
0.2955800
1.6725960
1.0968060
0.0341170
0.0681800
0.9357720
0.7703750
0.3334150
0.3667340
1.0235040
0.5017300
0.3532630
0.7078680
0.5864860
0.5702900
0.7639150
0.7854410
0.3063680
0.9633480
0.4729950
0.0093480
0.4676160
0.0286350
0.4596050
1.1758400
4.7585650
2.7602280
0.4633300
0.1549910
0.3866250
0.1794850
0.0057920
0.0452490
0.0079870
0.2633770
0.3907390
1.4986370
1.7483010
0.7829490
0.8421040
0.6681050
0.5355040
3.3140020
0.4129850
0.8407390
0.2867570
0.3556550
0.3390380
0.7396820
0.0889220
0.9438710
0.3015110
0.2003840
2.0405320
0.1286940
0.1506580
0.9734580
0.4548390
0.1487960
0.2866460
0.6508370
0.0409350
0.0079470
0.0055540
0.0024840
0.0029880
0.0031820
1.2540520
2.1543070
0.5187580
1.3896050
0.3953530
1.1160490
0.0782190
1.0116940
0.2803490
0.3018880
1.0487050
2.4175820
0.5265560
0.0608220
0.8222490
0.8912650
0.2789570
0.3568490
0.0842020
1.1248360
0.4438250
1.3688810
0.2896890
0.3071780
0.4328660
0.5667340
0.8814380
0.4684200
1.3197590
0.0379040
1.5281240
0.3013130
0.4304640
0.8439800
0.5065680
0.3412130
0.1046750
0.2767260
1.0049580
0.2433920
1.6308000
0.6129160
0.2958380
1.7838650
0.5992450
1.2075680
0.7090640
0.7484480
0.3771190
0.6442550
0.1785540
0.5808400
0.6471980
0.2421900
0.6027380
0.1456550
0.1709340
0.2883470
1.2624710
0.4977720
0.7496590
1.4211240
2.0698330
0.4533940
1.0813280
3.4180390
0.5181100
0.5325780
0.9946810
0.3291870
1.1223420
0.5945750
0.9572420
0.2570560
0.1944540
1.2476660
0.0035980
0.1926010
2.5593570
0.2884570
0.8199900
0.8642270
0.2830700
0.7783130
0.4960770
0.0148420
0.1419090
0.3274180
0.3414030
0.5274660
0.6580130
1.0136090
0.4218160
0.3427230
1.5579170
1.2794020
0.2496090
0.7864680
1.0183930
0.4811190
1.2968500
0.1824920
0.6664380
0.3545500
0.4833110
0.9238340
0.3823760
0.4575020
0.6552210
0.0335000
0.0032000
0.2316940
0.4072920
1.2068010
1.5340080
0.5725920
0.3609580
0.7915260
2.4775680
1.0258310
1.2195940
3.4284660
0.0693570
0.5670800
0.2035530
0.0119870
1.1563600
1.0840200
0.3719240
0.4576810
1.0729680
0.9169380
0.2650720
1.2764460
0.0110760
0.3645900
0.7257320
0.8712430
0.2331640
0.4487230
2.3552780
0.4603390
0.2939280
0.3701410
0.6123310
0.4908570
0.3524640
0.1407460
0.8659710
4.1375390
0.0060010
0.5590710
0.5759710
0.5512410
1.0468100
0.2285640
0.8134530
1.7091540
0.7176370
0.3521420
0.7108300
0.4365070
0.5073560
0.5291210
0.4905070
1.1793870
0.6719640
1.5947460
1.2046440
0.4303670
1.1657410
0.1540270
0.2528700
0.7713670
0.1187710
0.7639330
0.2781370
0.6982610
0.1178020
1.1219440
0.3405030
0.5875590
0.2645580
0.5174050
0.0031630
0.7390990
0.1783520
1.0910080
0.0103780
0.0035280
0.0037220
0.0031180
0.0024870
0.7175080
1.3478990
0.2373830
0.0046220
0.4550600
0.3876900
0.4108610
0.5300750
0.2316030
1.7856110
0.8406800
10.6106550
0.7194550
0.6296320
0.1649500
0.2976920
0.8707120
0.5570190
0.6135710
1.0152570
0.2620260
0.3089180
1.7495520
0.3808700
0.1563990
0.3093980
1.7553110
0.9733940
0.8905340
0.6350560
0.8440810
0.5174430
0.9158030
0.3054470
1.7037390
0.4192800
1.0193720
0.3050370
0.6125580
3.0595100
1.2739450
0.7918220
0.9391650
0.5429360
0.7301340
0.6096070
1.1664490
0.4168740
0.3532930
0.6409580
0.4743810
0.5605040
0.5783630
0.2837920
1.4940910
1.3583070
0.0034180
0.0032340
0.0022950
0.0052420
0.0035940
0.0038060
2.4546090
0.3229090
0.2913410
0.3903280
0.2405240
0.2275650
0.1821360
2.1235060
1.7472930
1.2117850
0.8043410
1.3964010
0.3063230
0.8610670
0.3189410
0.2989870
0.8544820
0.2554260
0.6169790
0.5862870
0.3619220
0.2664740
0.5810170
0.8905940
1.1910240
1.2978370
1.2257820
10.9990350
0.6921130
0.0046310
0.5869860
0.6530540
1.7358980
0.1024590
0.4478570
0.2865610
0.1026180
0.4653650
0.8992180
0.8688040
0.2553600
0.7781490
0.0925280
1.6001140
0.3924510
0.0045700
0.6962790
0.7796280
0.5737450
0.2784810
0.9281080
2.0721530
0.6303140
0.3499290
0.6824190
1.1494990
0.6562990
0.8877100
1.0855210
0.3217930
0.3978570
3.3782070
0.5904730
0.0746700
1.2893790
0.1890940
0.2354750
1.6156640
0.3511250
1.5656010
0.6204480
0.4777150
1.0040370
0.0034970
0.2804240
0.4040400
0.4771580
0.3991830
0.2185540
0.2361730
0.2027220
1.3091090
0.9482370
1.2217080
2.0623860
1.2577880
0.2399190
1.4650710
1.0324710
1.1101320
0.8827780
0.2874320
1.2931000
0.8663430
0.3860040
0.6155380
1.5384270
0.0081230
0.1394600
3.2702420
0.7530480
0.8298290
0.3328870
0.4837700
2.1840010
0.0053130
0.3234340
0.6279810
0.6597940
0.8716830
0.3375860
0.7681850
1.2459150
0.5617780
0.3620520
1.1690080
0.6125240
0.8393940
0.4193350
0.3509630
0.5028030
1.5924190
6.4450360
2.6422230
0.9992450
0.4504320
0.8162730
0.7686720
0.3975850
0.3495910
1.9788470
0.7303730
0.5494980
0.4433980
0.0058500
0.7684990
0.2341690
0.2393170
0.5294410
0.3228820
0.3417720
0.1143680
0.8775610
1.2156980
0.8030500
0.5150010
0.1540870
0.6067840
0.0036500
1.6926560
0.5703100
0.8929590
3.9045060
1.8937490
0.2235580
0.5122110
2.0430820
0.3467970
0.0037470
1.3607380
1.0163490
0.4124010
0.3061670
0.4446450
0.1931050
1.2425080
2.4145760
0.4053370
0.1724440
1.0660610
1.7572060
0.0040750
1.6835070
1.0454070
0.0193760
1.1605930
0.1873790
0.3674290
3.4650380
1.0581480
0.9452240
0.0988130
2.7800790
0.0115630
0.0084360
0.0047140
0.0021980
0.0055400
0.0216720
0.0049260
0.0095700
0.0803380
0.0029700
0.0022450
0.0035700
0.0086670
0.0016770
0.0017290
0.0028120
0.0050290
0.0061170
0.0070850
0.0032890
0.0020730
0.0042050
0.0029990
0.0020480
0.0013960
0.3941330
0.4428380
0.2886030
1.3353880
0.6098740
0.8744860
1.3323100
0.1116090
5.6390470
0.8993770
0.6840140
0.9103630
0.7127940
0.0039150
0.5482250
0.7423520
0.3948360
0.6402290
0.4090510
0.5625580
0.1910370
0.5283360
0.0629550
0.4226170
2.3913970
0.3616910
0.3927040
0.7337440
1.0045130
0.2619550
0.2335410
1.1759680
0.7440000
0.4049800
0.0284620
0.6704800
0.0088700
0.2341010
0.1853100
0.6925520
0.7667060
0.9472560
2.1072630
1.2028930
0.4302780
1.0789530
0.4609740
0.7984520
0.5588890
0.9565490
2.8433890
0.7315050
0.5744000
0.8107180
0.2547200
1.0308200
1.7992720
0.7831850
0.1249240
0.3752970
0.4157960
2.5504980
0.9214910
0.4381130
1.1087250
1.0819080
0.0036250
1.3856040
0.5690070
0.0126480
0.5146710
0.5542620
0.4436490
0.3344150
0.0071010
0.5365960
0.1336170
2.8643380
0.0093430
0.5705110
0.0231010
1.1812690
0.2187120
0.6614020
0.3578070
0.4546510
0.4057690
0.8797910
0.5226180
0.4817890
0.6683090
0.4842850
0.8277760
0.0030590
0.0041860
0.1637270
0.4643000
0.3649120
0.9184100
0.8760440
2.4578820
0.4251150
7.5559200
0.2410350
0.5969930
0.7024140
0.4348110
0.8603880
0.3138860
1.1244810
0.0827470
0.8952850
5.5402490
0.2610490
0.1537160
0.0328220
0.2172140
0.9249450
0.4617130
0.0646670
0.5574640
0.1041820
0.4158130
1.2053660
0.5383410
1.2233520
0.3158350
0.4309910
0.7939030
0.9310890
0.3285140
0.3364250
0.4264660
0.9574640
1.3778680
0.7512610
3.9759050
1.2499240
0.1984360
0.7823130
0.2176430
0.5945000
0.5928850
0.2179230
0.6254700
0.3844870
0.3870170
0.2246040
0.4380950
0.9396900
0.2914890
0.5448000
0.5511340
4.2631600
0.3014900
1.5156960
0.8520470
0.2265390
1.0603640
1.7884900
1.3881370
0.9214600
0.3373210
0.3099050
0.3332430
0.5980760
0.4141110
1.3666820
1.6560100
0.4565120
1.7870370
1.3628170
0.8311560
0.9747000
2.0710400
0.8348390
0.2147710
1.8742690
1.6367920
1.8465340
1.6254050
0.6171070
0.7529070
0.2798290
0.0054400
0.4059000
0.3785960
0.2840540
0.7597770
0.1893350
1.1617430
0.4122300
0.2233190
1.5058750
0.4357590
0.0030540
2.4994680
0.3624920
0.3593940
0.2791870
0.7789490
0.7689840
0.7706190
2.0931360
0.3820730
0.1014660
0.2705020
0.2457570
0.5125480
0.0720520
0.2694150
0.5145230
0.1531970
0.2463280
0.8603320
0.7416400
0.3184010
0.0410100
0.3071330
0.1991470
0.7714930
6.2215530
0.1525120
0.3456980
0.4050430
2.8579410
0.5079450
0.0672670
0.6121330
2.1656790
0.1993000
0.6472930
0.3303540
0.7442950
0.5339170
0.4834590
1.8894360
0.0618660
1.5215450
0.0852840
0.6867040
0.6336400
0.5129800
0.5209540
0.6102590
0.2901080
1.1727190
0.3173150
0.7883540
0.4879140
1.4656560
0.3295320
0.3583060
0.3058300
1.0877490
0.8418650
0.1659070
0.8591920
0.3795360
0.1453470
0.6704860
0.3024480
0.4572450
0.3542370
0.1787560
0.5627110
1.9635320
1.8760190
1.9058090
0.2010630
0.4735130
0.6170370
0.0962940
0.6183580
0.3808310
1.2183540
0.2353030
1.9019670
0.9271780
0.9319000
0.1494610
0.4495480
0.4849140
0.2387780
0.5853190
1.9114280
0.5209400
0.4189690
1.0964400
0.8593680
0.9409620
0.9556720
0.7974780
1.6528620
5.3093770
0.7544700
0.1861470
0.0297730
11.7750540
1.6576560
0.3536030
1.3345570
0.2040680
0.4457490
0.3813190
0.6633210
0.3130160
0.5266820
0.2333260
0.4049200
0.3446430
1.8399440
0.4716040
3.0882560
0.5644750
1.0542280
0.1323140
0.6698720
0.1916140
3.4065390
0.7549630
0.8803300
0.5364140
2.0275240
0.5835500
0.7825980
0.0018460
0.7819340
0.2694430
0.2556990
0.4605030
0.9910270
0.3351630
0.6410980
0.5077220
0.5250490
0.2729630
0.3754630
6.9712700
0.6343540
1.4216540
2.6189180
0.4867510
1.0923480
0.2062200
0.2076360
0.1046950
4.4767390
4.8788390
0.3501100
0.3256840
0.4343730
0.7781640
0.5977690
6.7070460
0.9579910
0.3408320
6.7953000
1.3122180
1.6371290
4.3081900
0.2250040
0.6594320
0.7547300
0.5376240
0.2977700
0.3286650
0.2745570
2.2186030
0.5059570
0.7611940
1.4513190
0.6724810
0.2756410
0.5421550
0.9533840
0.6684080
0.7341850
0.3455820
1.0818440
1.4090650
0.2846970
1.2053030
0.4351940
0.9531820
0.9069770
0.4289790
0.4514730
2.1801950
1.3261490
0.1049130
0.9577510
0.4678940
0.5241510
0.3363370
0.9051370
3.9146580
0.1014360
0.3978820
0.2755780
0.0040920
0.1264000
0.5731970
1.1465950
0.3454010
0.2586850
0.8453480
1.6781060
0.2674400
0.3704830
0.4202520
0.6202170
0.3569290
0.5029240
0.3499510
3.6872190
0.1397600
0.0053620
0.6309830
0.4158230
0.7458280
4.6932330
0.9339720
1.0443130
0.5596340
0.6022270
1.2791930
0.3898690
0.3742620
0.3851940
0.6122090
0.6365840
0.8320020
2.6630800
1.2996930
0.3557250
0.8016930
1.9568580
0.5547560
0.6554500
0.7776620
0.6905760
0.2882190
0.8320000
0.6439990
1.8308570
0.3188170
1.7819280
0.6147570
0.4878130
0.7465770
1.2237770
0.6735000
1.5246720
0.3741170
0.7293040
0.3014590
0.4318870
0.6511850
0.3571550
1.8565700
0.2633450
0.2090000
0.1395250
0.0710950
0.7508080
0.3793870
0.4412100
0.9897060
0.0031930
0.2180000
0.6431810
0.0037840
0.6480400
1.2865640
0.7753450
0.2672750
1.0190930
0.1440720
1.0433620
0.8270970
5.1689180
0.2401530
0.2261070
1.1384030
1.2357570
1.4201600
0.3518790
0.5746980
0.3636760
0.2910210
0.3365550
0.8467930
0.2123530
0.1853970
0.3775780
0.8302700
0.5424510
0.2229490
0.9961080
1.0169480
0.9898310
0.0029470
0.2836400
0.7559930
2.3302630
0.0049840
0.3378550
1.4417420
1.3606030
2.7124230
0.3254150
0.4528670
0.5046050
0.0083580
0.0045720
0.0090350
0.0052770
0.0036190
0.0053840
0.0032660
0.0036260
0.0046260
0.4604060
0.6219760
2.2329690
0.4093490
0.1344090
0.8371480
0.9233890
0.0359090
0.1632460
0.5214730
0.3060690
1.6161300
1.2419650
0.8259360
0.6009970
0.6938110
0.4575270
2.0583140
0.3173060
0.3427770
1.6162310
1.5427040
0.0590300
0.4045400
0.2974940
0.6289700
0.4399950
2.1827460
0.2702540
1.6183390
0.5417520
0.2818420
0.1946310
0.4258970
2.1296650
0.3708830
1.1810230
0.0076460
1.6039840
1.2722600
0.5098860
0.7855220
2.2158020
0.8210350
0.6181830
1.3373020
0.2106480
0.7606810
1.1727630
1.0779240
0.5472090
0.2377900
1.3460120
1.0740780
0.5798230
1.3249220
1.4310660
0.4827660
0.2983130
0.2903050
0.0687290
1.2204700
1.1669000
0.7600320
0.1368550
0.5821260
0.3143550
0.5714200
0.2682170
0.2265180
0.1444700
0.4374540
0.9283240
0.0035430
0.8136900
0.6544080
0.3587380
0.9673380
0.2009800
2.8727740
1.1215620
0.6453020
2.3100000
0.0015580
1.8552760
0.4028580
0.5590840
0.9053940
0.6962620
0.9724290
0.4462260
0.8411580
0.0051850
1.9968990
1.0456320
1.0687080
1.3344500
0.4350600
0.9594480
0.4406180
0.4918650
1.7980690
1.1109440
1.4807440
0.7173110
0.9576170
0.4559340
5.0940830
0.2750260
0.0395310
0.0048880
0.8518900
0.4266770
0.5189380
0.0061330
0.3039110
0.3076830
0.0016070
0.6967610
0.9050670
0.2764970
0.4217940
2.1112650
2.2796610
0.5808710
0.3257240
0.4587350
0.5891960
1.4380000
1.4420000
0.0052230
0.9320000
0.2301940
2.3032990
0.0649400
0.5371430
0.5579530
0.3870000
0.0039350
0.1037220
0.3434020
0.5291970
0.3726190
0.3981730
1.2168050
0.6305130
0.0059490
2.0743770
0.6187150
1.4245680
1.5772860
0.8656060
0.0961310
1.3927150
0.3955550
1.5469380
1.1382860
0.4767350
1.9615720
0.2839010
1.2200000
0.0045090
0.3413360
0.2215080
0.8151810
0.4148710
1.4231020
1.2028520
1.0146850
0.4401530
0.0049310
0.6940530
0.3257710
0.0037260
0.0040270
0.0376600
0.0067430
0.0046510
0.1106650
0.0048030
0.0561330
0.0305290
1.0835140
0.3124700
0.0129860
0.0110190
8.5098270
0.0160520
0.3801400
0.3322060
0.5935340
1.3736540
1.0300020
1.6090200
0.4981490
1.5252660
0.9380140
0.9331610
1.0045930
0.3741960
1.0568440
0.5384690
0.2813990
0.6825380
0.8424080
0.0516240
0.4430550
0.0029780
1.3587450
0.0597670
0.1390000
1.6645010
0.5967990
0.4772330
0.7922360
0.3682460
6.9789480
1.2064040
1.0663710
1.5758860
0.5358290
0.4750680
0.3494340
0.0034450
1.4446530
2.2564880
0.0048080
2.3474860
1.4363100
0.2336520
1.6436220
0.4953000
1.1814630
0.9447840

