18.583056
47.775944
-72.075415
-72.091872
-72.066331
-72.082476
-72.078557
-72.078428
-72.081599
-72.066667
-72.066667
-72.066667
-72.066667
-72.068554
-72.077686
-72.077692
-72.077479
-72.074689
-72.066577
-72.088927
-72.078845
-72.073654
63.333333
4.861031
-7.364833
-5.576839
57.273587
-70.701972
-73.317500
34.202231
4.380278
51.290270
47.936263
-72.021944
-72.192667
65.620388
-14.530140
66.142770
69.097952
-71.529667
-72.342278
59.243997
-73.169261
-69.958244
-29.621364
16.911694
58.242147
60.158973
61.750778
59.367560
-6.584111
-16.631386
9.802778
39.824592
62.207195
64.828556
-40.467869
-81.993389
62.309270
42.538175
70.442745
60.000000
-53.072600
19.547611
39.748028
16.900556
54.578769
45.931521
53.214841
-30.007639
52.616028
54.220480
-76.137167
61.644701
16.121222
69.902747
35.750000
-3.751836
27.733333
-47.252451
-27.829649
-70.525472
-12.801972
-67.300000
-17.989847
55.728197
-69.859528
-70.518500
-63.625111
-2.168509
46.901692
-66.299667
-65.143472
-40.046916
-69.539856
-25.886748
-68.783944
11.255300
-66.076750
22.000278
-66.877278
-66.660361
4.033472
22.014461
-67.063556
-69.583333
-75.732417
-69.172333
28.285918
-69.331639
-71.425389
32.038611
23.484722
-68.857028
24.689167
-70.946000
-57.948333
-5.464044
21.500789
-21.007782
30.266667
37.360377
-2.013103
22.510000
10.044095
-4.414015
10.266667
9.166389
24.262028
-28.578647
10.617280
-20.251972
17.770252
5.553056
-45.825728
80.866728
-22.473764
-54.820811
14.239306
64.303111
-59.398778
9.523611
-68.513187
-25.750064
-31.430611
-16.596060
-26.210583
-14.810222
-18.611875
-23.765611
-22.034811
-30.661311
-30.661311
-40.711372
-28.378822
-53.856111
-45.490736
-42.795039
18.127390
32.532278
-15.469094
-47.898650
74.484917
9.664083
-32.541814
-41.243444
-13.848747
-39.365472
-42.357072
1.986781
26.623275
-34.285291
-44.103306
-41.997500
-60.583333
-37.130972
-45.176354
6.170711
-41.587325
-26.358208
-39.789444
-53.543194
-48.855778
-50.378639
7.313278
-35.561292
80.483090
-63.376389
-46.972944
-46.737056
-33.527584
-61.631472
-44.402867
-31.741917
-46.413472
-63.420000
-74.995222
-42.770556
-45.614722
-51.463531
-51.966458
-49.218472
-17.660464
-72.202333
62.903864
6.639806
-49.820022
-53.045611
-58.235111
23.783333
-53.453056
-32.287278
-52.824222
-41.905417
-54.477944
-52.734578
-55.881194
-56.962067
22.933333
16.526944
-13.911564
-48.554028
9.865278
27.700000
-38.652833
7.926597
-54.514861
-53.071306
-54.534417
-48.163194
-51.832811
-55.983389
-59.654944
-55.118528
-55.993611
-47.783889
-63.194778
53.117386
-23.639561
-58.961111
-58.507111
-59.574083
-57.320222
-58.316986
-58.953361
-53.753833
-56.358528
-16.702816
-57.818306
-60.435222
-59.359444
-56.030806
-58.225000
10.031255
-7.321992
-61.297389
-59.166667
-52.102361
-32.407217
-63.755114
-49.439381
-58.524217
0.545444
-19.703781
-55.351528
-61.280778
-45.165040
-58.231056
3.068583
-30.538334
-67.164185
-58.534944
-58.562389
-59.889278
-59.912250
-63.804611
-64.877083
-59.720583
-69.086500
-60.381111
-62.613417
-62.979889
-57.159583
-79.240056
-47.950000
-52.448972
-59.960111
-57.703944
-60.426775
-61.051078
-61.130944
-64.650000
-61.733056
-59.121861
-59.784444
-56.625806
-61.058639
-66.218000
-69.441944
-61.009500
50.503414
-60.871611
-41.378878
-61.906111
-64.799444
-61.463750
-79.608417
-54.734861
-48.739653
-61.035056
-66.863631
-62.986317
-59.272222
-56.644361
-64.354722
-60.235169
-69.704250
-60.911100
-62.319167
-59.426139
-58.433972
-68.124589
-56.458028
-62.847389
-55.418972
15.851244
-67.009169
-62.133139
-65.755302
-31.131278
-33.377059
-62.501083
-51.977747
-62.291750
-61.780278
-60.516500
-57.420167
-64.259167
-58.009444
-60.205833
-62.834083
-57.117194
-59.153417
-51.215594
-62.414131
-64.165833
-79.168222
-63.116528
-58.342611
-68.721442
-52.441222
-55.984422
-65.834611
-63.412556
-58.507194
-53.475444
-64.169229
-62.399389
-63.312917
-57.638889
-64.131642
-62.144750
-60.593778
-64.145278
-55.945317
-63.055000
-47.766667
-46.162556
-65.017592
-63.208056
-63.748611
-55.266667
-63.908444
-50.560083
-67.426083
21.869743
24.897025
-68.541028
-41.414361
-64.389958
-57.595222
-50.889056
-62.648861
22.883333
-63.736000
-65.122167
-63.242417
-58.344692
-61.847444
-61.519472
-10.451602
-67.694444
12.682353
-63.177917
-63.092750
-63.748056
-63.224722
-63.835750
-63.083556
-62.056000
-64.923972
-62.944167
-66.289389
-62.700833
-63.309722
-58.737167
21.451883
-65.437944
-64.266389
-12.467117
-54.045000
-64.015444
-55.279750
18.166667
9.532222
-61.021111
-62.536722
-63.047833
-57.991722
-46.841583
-60.946297
-61.090611
-35.207222
-53.985106
83.394144
-63.493611
-62.698194
-63.039194
-61.766667
-67.014167
-64.145556
-58.991417
-63.020942
-64.003639
-62.379056
-43.962256
-49.359278
-61.983056
-30.538137
-44.823950
-58.654596
-36.700000
-63.106472
-62.071861
-47.201533
-66.302167
-64.945250
-60.392972
-62.339083
28.376667
28.375556
28.375556
28.377817
-60.991944
-61.258500
-59.794389
-63.117778
-61.504750
-51.256881
-68.060306
-62.825000
-62.105583
-57.787500
-51.898278
-59.416917
-55.353600
-64.491722
-62.466667
-25.550000
-60.635556
-63.962650
-51.400000
-76.782639
-63.174167
-56.690056
-58.108889
-61.357750
-61.899722
-60.816333
-74.081478
-61.758000
-61.191806
-62.374389
-61.686944
-63.126514
-68.049444
-66.353389
-60.633194
-59.750000
-39.355142
-56.431944
-60.804564
-54.273056
-55.937194
-69.933333
-58.382222
-64.636111
-62.168028
-57.391889
-57.986167
-41.982306
-55.513944
-59.599694
-66.384733
-60.108056
-60.496944
-59.913667
-61.016099
-61.767222
-55.023228
-63.746556
-61.623333
-60.533333
-59.688611
-58.777889
-60.608708
-58.853694
-64.220997
19.036729
-58.776317
-33.512878
-68.727569
-59.034444
-59.014167
-51.381389
-56.630000
-61.480639
-58.478333
-56.894225
21.185917
-56.358889
-51.969444
-43.867556
-66.682528
-60.255167
55.525648
-58.848917
-44.368611
-58.591111
-54.244528
-54.521944
-57.999944
-59.135833
-57.650389
-48.572083
-59.428694
-57.346944
-43.938306
49.076184
2.087631
2.090986
2.082778
2.082778
2.082778
-63.138750
-61.115167
-57.570444
-55.421528
-58.484083
-57.109722
-56.423167
-54.288889
-56.086944
-56.561944
-55.868611
-39.526389
-41.158000
-31.768566
-56.191389
-53.926667
-53.465639
-40.208583
-56.181944
27.763721
-53.135000
-53.572028
-54.094361
-58.807694
-41.234194
-54.840556
-54.554167
-44.266667
-36.049667
11.932098
-51.885000
-49.150000
-56.751111
-56.636667
-57.838083
-57.541472
-55.860250
-54.638056
-55.353111
-56.440389
-63.400000
-57.615833
-55.583611
-51.559722
-50.567056
-53.061389
-6.345903
9.487917
-54.987139
-50.232778
-53.146250
-53.039722
-57.841500
-58.652722
-49.461222
-48.363806
-56.126083
-48.810400
21.224139
-57.367222
-52.701944
-53.289167
-54.306583
-53.183222
-54.935000
-55.209167
-31.572250
-23.686075
-53.981944
-42.970183
-57.940583
-54.323889
-55.761111
-44.646142
-57.854083
-59.283056
-30.897033
-50.739156
-52.735833
-53.595333
-49.958889
-51.000556
-25.529819
-27.224337
-56.962275
-72.042416
-35.665861
-49.166206
-72.058461
-47.313306
-52.959444
-52.263333
-0.544675
-51.671111
-19.502222
-51.971667
-46.272917
-53.063611
-13.372864
-50.111722
-48.194167
-52.156556
-49.832556
-58.795092
-51.615000
-24.134444
-47.240500
-52.189167
-52.571389
-23.250000
-22.500000
-50.800972
-39.624667
7.625283
-51.746944
-54.046389
-54.742333
-55.616806
-29.671042
-52.146667
-51.154722
-42.283056
-50.920333
-46.143472
-47.388639
-39.316667
-54.247694
-50.663500
-52.728889
-43.789278
-49.741667
-43.541167
-48.036972
-9.147003
-26.531602
-42.947778
-49.817778
-46.217222
-44.192722
-47.357500
-40.805972
-49.076000
-48.131667
-45.623778
-48.752222
14.322417
-55.797889
-47.113944
-48.083056
-48.478333
-69.045915
-47.328333
-47.551389
-41.917694
-45.152500
-47.959528
-48.314611
-46.363500
-10.221667
-50.252250
-48.093333
-44.885500
-51.129111
-59.911389
24.313144
-15.197778
-49.743333
-45.224167
-48.065278
-49.552778
-47.350833
-46.704167
-44.840639
-43.595000
-45.890917
-47.425556
-46.136556
-38.250944
-44.284333
-43.734444
-52.449278
-43.997778
-46.075861
-47.259806
22.402484
-49.850583
-46.812500
-23.793333
36.454289
36.460278
36.460278
36.460278
36.460278
-45.848472
-45.366944
-45.096111
-12.416311
-45.985972
-3.299533
10.204456
-51.387389
-43.777222
-68.530833
-43.135278
-45.871333
-32.944667
-44.973889
-46.187778
-47.498056
-43.822833
-46.885833
-55.894444
25.551944
-38.099750
-41.442722
-16.911142
-45.043694
-49.351078
-43.691889
-76.710972
-17.156141
-52.930000
-52.382833
-42.769722
-45.319722
26.861222
-14.007611
-24.064130
-43.250278
-40.500389
-38.639111
-42.817583
-48.914167
-41.673333
-27.217102
-37.182528
-30.811667
-36.366583
-44.538889
-43.113889
-49.982889
-44.650278
-13.085830
-43.268333
-39.316672
-49.654167
-40.210722
-36.198056
-33.212917
-30.100000
-30.100000
-30.100000
-30.108369
-30.113622
-30.116511
-37.440278
-45.563528
-31.510194
-39.544444
-43.177778
-42.283667
-41.480056
-44.467500
-44.711667
-32.696676
-18.771052
-48.865500
-60.281667
-41.145556
-39.849722
-19.110735
-39.608056
-34.395782
-43.172500
-38.664167
-61.183333
-47.492917
-40.898917
-43.686667
-75.656389
-45.380833
-38.460000
-40.157500
-34.445594
23.224403
-38.688056
-16.682703
-43.703889
-44.485622
-36.434333
-41.805278
-43.381417
-38.437222
-53.837778
-15.161041
-27.264722
-39.716667
-39.716667
-38.741389
-39.816667
7.793757
-10.903028
-37.001111
-42.915000
-39.050556
-38.990306
-40.572778
-37.345556
-40.725278
-37.626667
-38.784167
-34.416546
-40.910556
-39.898611
-58.001500
-40.730556
-37.314722
-45.654417
-38.421683
-37.237778
-40.116528
-43.036500
21.836889
-36.985139
-16.559368
-29.554511
-2.206639
-19.614046
-24.951694
-35.547114
-19.663611
-32.129258
-36.548139
-44.009222
-37.201028
-36.987194
-45.004167
-31.817778
-35.093333
-38.810000
-28.872778
-7.549778
-40.719722
-35.771111
-35.499444
-40.100556
-36.596000
-27.650139
-40.469444
-0.129168
-37.552222
-29.012778
-23.075389
-33.844286
-33.893889
-31.395278
-47.742933
-34.434722
-19.502382
-37.484722
-50.816697
-41.941556
-41.480000
-25.553056
-22.477009
-37.281833
-28.625833
-33.367500
-40.094361
-30.513611
-33.556111
-24.255556
-2.210854
-7.414581
-32.971944
-35.198889
-28.328333
-28.730833
-24.963889
5.800000
-31.622500
-33.338889
-31.033472
-35.928833
-26.796111
-23.513056
-33.267111
-31.128889
-29.930833
3.553011
-32.198235
6.207889
-30.827778
-31.520916
-29.050967
-39.866750
-30.386667
-31.996944
-13.221833
13.199081
-33.464861
10.001750
-30.262083
-53.678028
-25.671944
-30.867806
-27.564167
-20.323333
-30.275278
-29.759722
-39.460556
-8.675506
-27.323056
13.911389
27.969167
-39.956111
-46.281528
-42.200667
-3.653189
-31.884806
-24.715278
-31.839360
-13.860546
-39.372528
-31.501111
-16.176611
-11.581846
-23.598611
-1.488361
-9.877686
-22.487222
-29.200000
-30.673194
22.758028
25.677083
-28.941944
-29.968611
-28.043611
-24.776917
-24.776667
-24.779167
-24.779167
-24.779167
-24.779167
-24.779167
-24.779167
-24.779167
-24.779167
-24.779167
-24.779167
-24.779167
-24.779167
-24.779167
-24.779167
-24.779167
-24.779167
-24.779167
-24.779167
-24.779167
-24.779167
-24.779167
-24.779167
-24.779167
-13.014468
-24.743601
-20.362089
-26.486111
-30.043034
-23.788056
-56.088611
-37.051389
-20.718889
-24.746389
-35.052472
-31.962261
-24.649444
-28.962917
-33.394167
-46.956889
-25.278611
-28.352778
23.996722
-28.110361
-24.173889
-25.006998
-19.249444
-30.183333
52.020071
-34.731639
-35.178611
-16.844722
-25.352500
-27.429167
-25.577500
-25.357500
18.316667
-22.430000
-22.866500
-24.592864
-53.373996
-24.368735
-22.396944
-19.528056
-28.767222
30.506667
-25.680278
-26.502778
-22.112500
-31.122639
-22.092509
-17.602778
-23.121389
-25.818611
-19.935556
-19.055278
-29.368674
-23.035556
-19.674722
-23.716667
-21.238611
-1.425167
-24.864722
-21.908889
-23.078944
-18.930278
-3.965285
-21.255000
-19.160000
-29.344048
-14.292917
-34.976944
-24.445278
-21.401000
-17.754722
1.473250
-19.344722
-27.201774
-30.033889
-16.275000
-21.618709
-18.955278
-27.292001
-22.471667
-7.590193
-15.076667
3.108409
-24.791667
-20.621111
-6.329278
-20.547500
-19.339722
-11.907985
-21.427778
-16.310556
10.400000
-27.250823
-24.997944
-24.997500
-8.795353
7.945386
-32.826111
-20.968757
-8.217166
-27.022500
0.566667
-20.410972
-17.440833
-10.346750
-21.150799
-20.070000
-35.788333
-7.717056
-18.848611
-19.293917
-14.490278
-19.731092
-53.635472
-18.344167
-20.085639
-14.692667
-1.908583
7.041583
-19.424444
-18.595556
-17.610472
-24.664722
-17.308187
-17.560410
-21.043333
-25.443889
-19.177500
2.449201
40.227509
-22.701667
18.370833
-21.216778
-16.824444
-6.300472
11.512208
-17.746667
-19.166778
-17.634167
-17.484085
-7.922917
-14.775000
-26.831526
-56.728361
-23.183333
-38.633250
-36.301111
-15.194167
-7.721917
-15.328611
-14.377098
-11.274722
-15.695833
-14.971111
-10.141111
-13.311667
-9.430528
-15.172389
13.087569
-14.133778
-11.524722
-13.770910
-5.160694
-18.300905
-15.497222
-4.460590
-2.944056
17.263072
-14.323889
-42.153050
11.348944
7.088617
-16.293056
-9.126667
-12.880278
-8.816389
-14.000667
-22.941836
-18.125833
-11.434444
-15.439444
-13.798333
5.840086
-11.253135
-30.361088
-24.997500
-30.361582
-31.113820
-1.901270
-19.764366
-22.553056
-15.009167
-25.600000
-23.471389
-11.311837
-24.869750
-1.464278
-11.998167
-14.384806
-14.781279
0.072139
-9.589472
-14.450000
-11.528785
-15.434167
-13.579672
-7.838667
-9.978641
-9.571222
-11.030806
-6.197639
-21.332222
-10.119472
-10.957222
-13.612500
13.993156
-7.572778
24.938387
-17.851083
0.002361
-14.243611
-11.592222
-1.530028
-0.881667
-10.991091
-12.391944
-14.396111
-9.867139
-8.389972
-13.498889
-28.716667
-8.451011
-10.359104
-6.733833
0.490833
-5.990278
-60.384444
-10.568750
-5.934722
-8.458679
-3.651203
-10.925278
-7.518611
-0.181467
-12.040667
-4.437733
10.733333
-6.550306
-7.705722
-6.043056
-18.933056
-0.526194
-17.180556
-6.718433
-5.368889
-3.819417
-11.104194
-9.407500
-9.777222
-9.741389
-15.810556
-10.334667
-5.293056
-4.610466
-13.409333
-10.135653
12.365000
-12.732222
-6.883921
-5.991194
0.886944
-0.752956
-6.080278
-18.618889
-4.889722
-10.782500
-5.820000
16.837792
-6.415000
-1.600000
-4.615972
-6.729222
-6.459444
-3.352917
-4.999667
-12.644639
-4.040250
-9.087444
-8.252944
-5.987833
-11.369639
-8.150917
2.248528
56.682075
-8.674722
-12.125722
-4.422121
1.504694
-4.936944
-3.172500
-78.754167
-14.071944
-3.811833
-5.408194
9.202043
-1.965167
6.637500
-4.260611
3.976472
-3.162778
-9.090167
-3.999954
13.533750
2.966333
-6.210000
-1.890750
-3.932222
-1.629528
-7.048500
20.415167
-4.991778
-0.011361
-8.112472
-2.184111
-15.117500
-0.836111
-11.225292
-4.134444
-4.872472
-5.642829
0.583333
-4.553448
-5.033472
-0.507167
-2.744703
-3.176972
-2.933333
14.903922
-3.000000
-8.444361
6.399333
-13.865139
-4.574950
-5.755056
-11.236389
-3.268056
-7.727333
-2.933333
-74.051111
-7.822611
-2.975028
0.860833
-6.087250
-4.037276
-1.512778
-4.637583
-4.726722
-12.783333
-11.835889
-5.193889
-19.875246
-6.018806
-1.399508
12.833333
-0.388056
-14.238163
8.443306
-0.931389
6.079667
6.792139
4.161750
-6.618585
-0.672222
24.396104
1.456389
-6.242083
-3.291944
-0.519167
13.599554
0.440444
-0.885361
4.303337
12.993135
-2.691944
-1.237056
1.316389
-1.456500
-1.304111
0.533885
3.084722
0.672178
0.232528
0.136000
-6.599167
-26.170195
5.090583
8.888056
-0.075639
0.191583
0.949722
13.062247
5.765333
10.778369
-14.357340
-9.683889
7.010306
3.122278
4.379722
1.222576
-5.449111
4.073889
1.036278
0.954659
8.151194
5.441306
-10.450278
1.729722
9.721453
2.182778
2.211420
2.260556
2.693889
15.436389
6.029472
0.583333
30.883333
-79.863389
6.572472
2.458889
-0.852333
-26.012167
3.338333
6.355278
4.230833
2.911389
-3.208194
-3.253972
-17.666667
3.933028
3.518312
0.433333
4.589722
1.943949
6.160000
7.276335
13.113417
1.413694
-9.103002
5.176111
7.397500
5.940533
2.815556
6.275958
-3.671667
6.026111
1.593982
-2.971000
-6.539428
22.420083
9.431944
10.192944
8.014611
7.661389
0.068127
4.201639
-12.400366
-1.842361
6.016639
6.271306
1.909167
9.022778
-0.944710
4.003034
7.155379
6.830028
9.215722
6.684139
18.902361
7.774611
4.241511
12.793306
9.322250
3.752944
9.308544
5.581389
40.034919
11.826972
2.828056
7.672944
7.522750
5.015125
9.153444
4.961389
7.570656
8.666444
23.861639
9.270556
18.986317
9.214917
14.849444
0.132714
2.914076
-37.737312
11.034263
6.281056
3.974451
12.940424
2.423222
12.527829
-1.201667
7.236611
7.476969
5.569167
-3.165020
-59.983573
-59.983913
-59.984855
-60.016583
1.036039
1.030678
-59.974140
-11.239536
13.792892
17.979386
25.417256
21.076051
10.611556
8.534750
10.000667
13.555583
10.189714
9.079278
14.014644
11.759194
4.768333
9.611611
-4.679911
11.367694
6.532306
2.329944
7.869222
2.463269
8.649917
16.785688
7.642056
16.107612
10.162162
14.180972
10.514833
8.735278
8.876667
9.857216
10.384167
7.800000
13.213894
13.899154
22.380211
8.581842
15.687556
14.751667
-6.709667
1.582361
0.361056
11.183056
26.844000
10.675278
19.812407
14.321409
21.883958
8.214406
20.055778
20.299255
21.178324
17.102611
20.667500
19.469917
4.525457
16.809106
14.582038
22.582583
18.869028
18.943556
9.184917
17.774167
18.749861
0.433333
13.269750
18.870583
30.583333
15.615972
-36.917250
20.346226
10.992339
22.347635
7.968614
13.080547
-62.196356
24.611010
17.753389
16.277848
15.610000
25.737132
15.088611
6.835000
24.715446
10.750000
21.583094
-24.050000
-26.034931
13.691778
10.440444
17.724528
-12.628449
6.166000
-17.836406
9.123122
17.928444
-0.682798
18.572250
22.749833
26.197000
-29.229750
18.094789
-13.210111
-42.250000
10.733333
9.252222
35.669738
-25.400273
5.583333
11.390333
14.124829
32.877925
18.778333
11.828500
29.388136
50.998692
29.145425
8.638000
28.528845
20.804201
32.288420
40.848307
16.621306
30.583333
31.619448
-0.339429
-8.117199
8.159167
9.170258
25.225100
33.432778
32.506111
-13.398896
33.363611
38.762031
25.408694
19.800833
20.725528
28.665059
34.545556
24.420918
36.857500
28.906418
51.913954
50.626349
21.767897
37.735601
22.472729
17.600000
19.715083
36.356694
53.320228
-38.269972
16.958461
27.682222
46.248333
9.208100
-4.357222
15.676003
57.143636
-16.278611
22.918142
13.016667
-8.460499
-72.011722
36.505969
22.157560
44.696908
-34.493861
27.900636
46.735750
14.239178
-33.979074
14.122039
-66.807806
-57.353936
12.167475
12.165917
12.166508
12.169064
12.167018
12.166594
12.166753
12.177280
22.711667
0.600000
-23.179722
-23.180220
-39.565333
-7.838437
63.495417
52.797118
23.253556
-56.699167
-31.315189
28.220028
26.308464
40.296081
14.742028
55.000000
29.551581
15.643022
57.483333
47.914981
29.399624
65.592800
30.600000
61.235917
62.093339
26.732718
21.238556
15.113628
58.000000
69.847817
15.306975
-1.030024
15.277175
59.154121
58.879444
60.466728
47.129256
31.000489
22.430589
55.793342
42.886941
14.658672
21.830009
60.408532
20.950816
-60.901694
63.281194
61.226797
-20.091564
61.850469
-6.166525
61.929664
