-1.48023e+02
-3.70755e+01
-2.59074e+01
-3.20085e+01
1.33510e+02
6.30500e+01
-9.90713e+01
-9.92268e+01
-2.03401e+02
-1.68140e+02
-6.33239e+01
1.67574e+02
6.32256e+01
9.46134e+00
8.22005e+01
1.14220e+01
-6.29089e+01
-3.32200e+01
1.12473e+02
-4.26955e+01
9.26683e+01
8.70039e+01
3.43349e+01
-3.15909e+01
2.19765e+01
-1.34782e+01
1.06521e+02
-5.28988e+01
-4.93878e+01
-1.24398e+02
-1.21320e+02
-6.81336e+01
1.00115e+02
2.36017e+01
7.38751e+01
-1.11802e+01
6.12568e+00
1.08665e+02
1.15351e+02
-3.68078e+01
7.39257e+01
3.86442e+01
-1.31273e+01
3.15757e+01
4.64214e+00
-6.04609e+01
-3.90453e+01
2.48911e+01
1.25132e+02
-7.51340e+01
