2.66448e+01
-1.63258e+01
-2.45649e+01
-3.37625e+00
-1.16666e+01
-3.17167e+01
2.15890e+01
-3.03344e+01
-7.48623e+01
-2.72609e+01
-3.91525e+01
-4.02659e+01
4.79824e+01
3.43792e+01
2.07713e+01
-7.55378e+00
-5.78281e+00
5.91152e+01
2.01856e+01
-1.81480e-02
-3.30585e+01
-4.94322e+01
-1.49021e+01
-5.45812e+01
8.80833e-01
2.89213e+01
1.73116e+01
1.91563e+01
-4.53893e+01
2.42516e+01
2.92783e+01
2.49094e+01
3.07915e+01
-1.69254e+01
1.02471e+01
-1.37750e+01
1.76410e+01
2.43647e+01
-8.54612e+00
-2.61039e+01
2.86893e+01
-3.46979e+01
-4.42180e+01
-3.65318e+01
1.12203e+02
1.23314e+01
-1.14514e+01
2.73572e+01
4.85435e+01
1.49483e+01
