21.13494643
0.166341706
59.84131814
0.749896197
20.94118007
0.841397372
60.11753312
21.23250091
0.914115665
21.33050568
0.582104761
43.35120276
21.42896282
8.336833947
0.837531502
1083.929787
29.9917047
10.54389692
10.64145839
21.52787442
563.63915
0.833683395
650.1314138
8.222448297
868.9627329
8.45281086
826.0401394
151.7054389
282.4887464
325.8375648
37.23926934
997.7027087
10.73992259
115.6115307
304.0893087
347.5370827
21.62724257
16.55774353
7.09579649
993.1186811
20.74919018
52.11960928
69.34276443
19.99867171
16.78808469
261.2168279
260.0166456
48.86536547
42.36440891
60.39502304
49.54515042
353.9982795
21.72706939
42.75640196
1000.000000
666.6666666
825.0825082
500.0000000
333.3333333
362.3188405
354.3272211
346.2603878
333.3333333
282.3263692
260.0780234
250.0000000
195.4082958
151.9987840
138.9583680
130.2761855
125.0000000
115.7983718
99.25656830
86.84852748
69.47870130
52.11047421
49.62779156
48.85221716
119.9040767
43.42400541
37.22085291
28.28774292
28.37523410
28.38489923
28.44141069
29.60331557
20.01200720
21.71175474
20.93364036
16.55903295
60.00000000
120.00000000
180.00000000
240.00000000
300.00000000
360.00000000
420.00000000
480.00000000
540.00000000
600.00000000
660.00000000
720.00000000
780.00000000
840.00000000
900.00000000
960.00000000
1020.00000000
1080.00000000
1140.00000000
1200.00000000
1260.00000000
1320.00000000
1380.00000000
1440.00000000
1500.00000000
1560.00000000
1620.00000000
1680.00000000
1740.00000000
1800.00000000
1860.00000000
1920.00000000
1980.00000000
2040.00000000
2100.00000000
2160.00000000
2220.00000000
2280.00000000
2340.00000000
2400.00000000
2460.00000000
2520.00000000
